Data	Variação %	Variação	Cotação	Abertura	Mínimo	Máximo	Volume	Nº Negócios
19/09/2025	0,00%	0,00	0,01	0,01	0,01	0,01	595	29
18/09/2025	-85,71%	-0,06	0,01	0,07	0,01	0,08	139K	1.535
17/09/2025	-30,00%	-0,03	0,07	0,08	0,07	0,11	349K	1.322
16/09/2025	-9,09%	-0,01	0,10	0,09	0,06	0,15	296K	1.196
15/09/2025	22,22%	0,02	0,11	0,10	0,06	0,12	310K	1.367
12/09/2025	-43,75%	-0,07	0,09	0,18	0,09	0,23	427K	708
11/09/2025	-30,43%	-0,07	0,16	0,21	0,15	0,21	262K	601
10/09/2025	76,92%	0,10	0,23	0,13	0,11	0,25	726K	4.508
09/09/2025	18,18%	0,02	0,13	0,12	0,12	0,17	365K	1.151
08/09/2025	-15,38%	-0,02	0,11	0,15	0,10	0,18	134K	211
05/09/2025	-48,00%	-0,12	0,13	0,20	0,11	0,20	513K	610
04/09/2025	-3,85%	-0,01	0,25	0,26	0,22	0,30	280K	303
03/09/2025	-29,73%	-0,11	0,26	0,30	0,23	0,37	432K	513
02/09/2025	15,62%	0,05	0,37	0,27	0,26	0,41	668K	710
01/09/2025	-8,57%	-0,03	0,32	0,36	0,30	0,39	737K	542
29/08/2025	16,67%	0,05	0,35	0,28	0,28	0,40	706K	462
28/08/2025	20,00%	0,05	0,30	0,28	0,28	0,35	499K	370
27/08/2025	4,17%	0,01	0,25	0,23	0,22	0,28	178K	223
26/08/2025	-20,00%	-0,06	0,24	0,25	0,21	0,28	214K	231
25/08/2025	15,38%	0,04	0,30	0,26	0,26	0,33	550K	400
22/08/2025	100,00%	0,13	0,26	0,16	0,16	0,31	503K	543
21/08/2025	-7,14%	-0,01	0,13	0,16	0,13	0,17	103K	168
20/08/2025	-6,67%	-0,01	0,14	0,19	0,14	0,19	68K	125
19/08/2025	-16,67%	-0,03	0,15	0,17	0,14	0,18	141K	233
18/08/2025	-10,00%	-0,02	0,18	0,20	0,18	0,27	184K	249
15/08/2025	-9,09%	-0,02	0,20	0,21	0,17	0,21	114K	381
14/08/2025	-31,25%	-0,10	0,22	0,30	0,22	0,33	185K	359
13/08/2025	-28,89%	-0,13	0,32	0,42	0,31	0,43	399K	354
12/08/2025	-4,26%	-0,02	0,45	0,45	0,41	0,55	432K	357
11/08/2025	0,00%	0,00	0,47	0,65	0,43	0,65	489K	437
08/08/2025	-66,43%	-0,93	0,47	0,95	0,47	1,04	2M	992
07/08/2025	14,75%	0,18	1,40	1,30	1,30	1,51	817K	231
06/08/2025	1,67%	0,02	1,22	1,40	1,20	1,55	612K	229
05/08/2025	7,14%	0,08	1,20	1,20	1,10	1,23	277K	227
04/08/2025	-7,44%	-0,09	1,12	1,21	1,10	1,23	201K	119
01/08/2025	-12,32%	-0,17	1,21	1,60	1,18	1,61	332K	147
31/07/2025	-9,80%	-0,15	1,38	1,44	1,27	1,50	221K	124
30/07/2025	8,51%	0,12	1,53	1,40	1,34	1,60	305K	140
29/07/2025	21,55%	0,25	1,41	1,19	1,19	1,46	327K	207
28/07/2025	-2,52%	-0,03	1,16	1,29	1,09	1,39	564K	232
25/07/2025	3,48%	0,04	1,19	1,20	1,14	1,24	189K	101
24/07/2025	-5,74%	-0,07	1,15	1,08	1,05	1,20	128K	34
23/07/2025	37,08%	0,33	1,22	0,90	0,89	1,23	498K	293
22/07/2025	11,25%	0,09	0,89	0,81	0,81	1,02	421K	221
21/07/2025	-4,76%	-0,04	0,80	0,90	0,78	0,91	106K	58
18/07/2025	-19,23%	-0,20	0,84	1,00	0,70	1,06	55K	52
17/07/2025	-13,33%	-0,16	1,04	1,20	1,02	1,20	24K	16
16/07/2025	-10,45%	-0,14	1,20	1,20	1,06	1,27	4M	25
15/07/2025	-12,42%	-0,19	1,34	1,35	1,20	1,38	7K	8
14/07/2025	-14,04%	-0,25	1,53	1,78	1,46	1,78	44K	27
11/07/2025	14,84%	0,23	1,78	1,65	1,65	1,79	33K	12
10/07/2025	0,00%	0,00	1,55	1,38	1,35	1,65	18K	10
09/07/2025	-10,92%	-0,19	1,55	1,70	1,52	1,70	16K	11
08/07/2025	16,00%	0,24	1,74	1,74	1,71	1,83	13K	9
07/07/2025	-7,41%	-0,12	1,50	1,62	1,50	1,62	1K	2
04/07/2025	-6,90%	-0,12	1,62	1,60	1,60	1,64	9K	4
03/07/2025	0,58%	0,01	1,74	1,65	1,65	1,82	35K	6
02/07/2025	27,21%	0,37	1,73	1,74	1,69	1,74	73K	9
01/07/2025	-3,55%	-0,05	1,36	1,38	1,36	1,38	27K	2
27/06/2025	-6,62%	-0,10	1,41	1,22	1,18	1,46	8K	12
26/06/2025	0,67%	0,01	1,51	1,50	1,50	1,51	5K	3
24/06/2025	-26,11%	-0,53	1,50	1,66	1,50	1,66	6K	13
23/06/2025	-18,80%	-0,47	2,03	2,51	2,03	2,55	40K	9
18/06/2025	-5,30%	-0,14	2,50	2,70	2,45	2,70	74K	13
17/06/2025	16,81%	0,38	2,64	2,27	2,27	2,64	6K	6
13/06/2025	56,94%	0,82	2,26	2,00	2,00	2,33	13K	9
11/06/2025	24,14%	0,28	1,44	1,44	1,44	1,44	144	1
05/06/2025	-20,55%	-0,30	1,16	1,16	1,16	1,16	2K	1
22/05/2025	-14,12%	-0,24	1,46	1,46	1,46	1,46	2K	1
21/05/2025	-16,67%	-0,34	1,70	1,70	1,70	1,70	170	1
20/05/2025	12,71%	0,23	2,04	2,04	2,04	2,04	204	1
19/05/2025	29,29%	0,41	1,81	1,82	1,81	1,82	1K	2
15/05/2025	-55,41%	-1,74	1,40	1,40	1,40	1,40	840	1
09/04/2025	-	-	3,14	3,14	3,14	3,14	314	1